0.007716 5.354648 1.082813 0.142857
0.000000 5.342880 1.624219 0.142857
0.004142 5.356050 1.082813 0.142857
0.000000 5.352556 0.341086 0.142857
0.000000 5.349090 1.622378 0.142857
0.000000 5.328980 1.022027 0.142857
0.000000 5.381703 1.364259 0.142857
4.089931 5.291029 1.622266 0.142857
4.123644 5.273526 1.216699 0.142857
4.123869 5.256287 0.811133 0.142857
4.150489 5.282673 0.511014 0.142857
4.140503 5.265115 1.215320 0.142857
4.166227 5.258547 1.531197 0.142857
4.100605 5.251555 0.510982 0.142857
8.440700 6.337523 1.082813 0.142857
8.315843 6.338347 0.406055 0.142857
8.371302 6.366618 0.541406 0.142857
8.529427 6.377631 1.364344 0.142857
8.609139 6.335330 1.622378 0.142857
8.563294 6.330793 1.022027 0.142857
8.177765 6.390223 1.364259 0.142857
13.511023 5.869434 1.289062 0.142857
13.587968 5.929859 0.483398 0.142857
13.580289 5.926184 0.322266 0.142857
13.582686 5.899099 1.624219 0.142857
13.542754 5.923631 1.931402 0.142857
13.619034 5.871516 0.304175 0.142857
13.318394 5.920338 1.624117 0.142857
18.677773 6.421035 1.289062 0.142857
18.659039 6.468575 0.966797 0.142857
18.523573 6.421031 0.644531 0.142857
18.676102 6.424894 0.812109 0.142857
18.644672 6.420943 0.965701 0.142857
18.673597 6.498434 1.216699 0.142857
18.637976 6.416862 0.812059 0.142857
24.357233 5.926416 1.289062 0.142857
24.320881 5.914207 1.933594 0.142857
24.423410 5.936232 0.322266 0.142857
24.391762 5.906619 1.624219 0.142857
24.407967 5.933640 0.965701 0.142857
24.279531 5.954814 1.216699 0.142857
24.468479 5.932845 1.624117 0.142857
29.020052 5.510420 1.718750 0.142857
29.157572 5.504977 1.289062 0.142857
28.947741 5.458780 1.718750 0.142857
29.053379 5.467139 1.082813 0.142857
29.064037 5.482844 1.287602 0.142857
28.958914 5.465049 1.622266 0.142857
29.028738 5.461988 0.541372 0.142857
33.362041 6.637959 1.289062 0.142857
33.351608 6.625672 0.483398 0.142857
33.034679 6.618948 1.289062 0.142857
33.238670 6.647829 1.624219 0.142857
33.065350 6.627909 1.931402 0.142857
32.957233 6.600736 1.216699 0.142857
33.295479 6.651511 0.812059 0.142857
38.792099 1.207901 1.082745 0.142857
38.887524 1.112476 0.812059 0.142857
38.792233 1.207767 1.082745 0.142857
38.780926 1.219074 1.364259 0.142857
38.882607 1.117393 0.405569 0.142857
38.801628 1.198372 1.021964 0.142857
38.831802 1.168198 1.364174 0.142857
