;mapping 512 to 32 bins
0
0
0
0
0
0
0
0
0
0
0
0
0
0
0
0
16
16
16
16
16
16
16
16
16
16
16
16
16
16
16
16
32
32
32
32
32
32
32
32
32
32
32
32
32
32
32
32
48
48
48
48
48
48
48
48
48
48
48
48
48
48
48
48
64
64
64
64
64
64
64
64
64
64
64
64
64
64
64
64
80
80
80
80
80
80
80
80
80
80
80
80
80
80
80
80
96
96
96
96
96
96
96
96
96
96
96
96
96
96
96
96
112
112
112
112
112
112
112
112
112
112
112
112
112
112
112
112
128
128
128
128
128
128
128
128
128
128
128
128
128
128
128
128
144
144
144
144
144
144
144
144
144
144
144
144
144
144
144
144
160
160
160
160
160
160
160
160
160
160
160
160
160
160
160
160
176
176
176
176
176
176
176
176
176
176
176
176
176
176
176
176
192
192
192
192
192
192
192
192
192
192
192
192
192
192
192
192
208
208
208
208
208
208
208
208
208
208
208
208
208
208
208
208
224
224
224
224
224
224
224
224
224
224
224
224
224
224
224
224
240
240
240
240
240
240
240
240
240
240
240
240
240
240
240
240
256
256
256
256
256
256
256
256
256
256
256
256
256
256
256
256
272
272
272
272
272
272
272
272
272
272
272
272
272
272
272
272
288
288
288
288
288
288
288
288
288
288
288
288
288
288
288
288
304
304
304
304
304
304
304
304
304
304
304
304
304
304
304
304
320
320
320
320
320
320
320
320
320
320
320
320
320
320
320
320
336
336
336
336
336
336
336
336
336
336
336
336
336
336
336
336
352
352
352
352
352
352
352
352
352
352
352
352
352
352
352
352
368
368
368
368
368
368
368
368
368
368
368
368
368
368
368
368
384
384
384
384
384
384
384
384
384
384
384
384
384
384
384
384
400
400
400
400
400
400
400
400
400
400
400
400
400
400
400
400
416
416
416
416
416
416
416
416
416
416
416
416
416
416
416
416
432
432
432
432
432
432
432
432
432
432
432
432
432
432
432
432
448
448
448
448
448
448
448
448
448
448
448
448
448
448
448
448
464
464
464
464
464
464
464
464
464
464
464
464
464
464
464
464
480
480
480
480
480
480
480
480
480
480
480
480
480
480
480
480
496
496
496
496
496
496
496
496
496
496
496
496
496
496
496
496
496
