;mapping to vocal style vocoder
0
0
0
0
0
0
0
0
0
0
0
0
0
0
0
1
1
1
1
1
1
1
1
1
1
1
1
1
1
1
2
2
2
2
2
2
2
2
2
2
2
2
2
2
2
3
3
3
3
3
3
3
3
3
3
3
3
3
3
3
3
4
4
4
4
4
4
4
4
4
4
4
4
4
4
4
5
5
5
5
5
5
5
5
5
5
5
5
5
5
5
6
6
6
6
6
6
6
6
6
6
6
6
6
6
6
6
6
6
6
6
6
6
6
7
7
7
7
7
7
7
7
7
7
7
7
7
7
7
7
7
7
7
7
7
7
7
8
8
8
8
8
8
8
8
8
8
8
8
9
9
9
9
9
9
9
9
9
9
9
10
10
10
10
10
10
10
10
10
10
10
10
11
11
11
11
11
11
11
11
11
11
11
12
12
12
12
12
12
12
13
13
13
13
13
13
13
14
14
14
14
14
14
15
15
15
15
15
15
15
16
16
16
16
16
16
17
17
17
17
17
17
17
18
18
18
18
18
18
19
19
19
19
19
19
20
20
20
20
20
21
21
21
21
21
22
22
22
22
22
23
23
23
23
23
24
24
24
24
24
25
25
25
25
25
26
26
26
26
26
27
27
27
27
27
28
28
28
28
29
29
29
30
30
30
31
31
31
32
32
32
33
33
33
34
34
34
35
35
35
36
36
36
37
37
37
38
38
38
39
39
39
40
40
40
41
41
41
42
42
42
43
43
43
44
44
45
45
46
46
47
47
48
48
48
49
49
50
50
51
51
52
52
53
53
53
54
54
55
55
56
56
57
57
58
58
58
59
59
60
60
61
61
62
62
63
63
64
64
65
65
66
67
67
68
68
69
70
70
71
71
72
73
73
74
74
75
76
76
77
78
78
79
79
80
81
81
82
82
83
84
84
85
85
86
87
87
88
88
89
90
90
91
92
93
94
96
97
99
100
102
103
104
106
107
109
110
112
113
114
116
117
119
120
122
123
125
126
127
129
130
132
133
135
136
137
139
140
142
143
145
146
147
149
150
152
153
155
156
158
159
161
162
164
166
167
169
170
172
174
175
177
179
180
182
183
185
187
188
190
192
193
195
196
198
200
201
203
205
206
208
209
211
213
214
216
218
219
221
222
224
226
227
229
231
232
234
235
237
239
240
242
244
