;linear mapping with some randomicity
91
99
125
107
113
115
122
112
121
97
119
114
80
118
113
111
104
130
112
111
113
115
137
127
92
95
128
129
117
121
124
121
135
115
120
122
108
133
121
150
133
129
102
145
138
134
137
127
144
99
119
154
130
123
128
117
149
136
126
147
115
129
141
124
144
134
157
128
142
132
165
155
170
156
126
149
136
168
152
147
166
145
135
149
141
164
157
154
134
161
164
161
169
163
139
157
177
165
172
149
158
159
151
175
177
174
167
184
149
191
162
170
172
174
165
151
177
198
160
172
169
168
184
184
186
167
181
189
186
178
188
174
190
204
185
182
211
177
217
179
173
193
184
190
202
191
201
187
195
182
176
189
203
195
213
201
189
191
204
190
205
182
228
207
201
228
207
186
226
204
226
213
201
206
216
184
183
241
196
182
198
217
224
212
169
196
219
210
191
221
215
195
200
248
242
221
245
210
220
236
234
211
234
199
235
223
228
225
225
238
225
194
239
234
250
238
235
215
225
214
238
228
233
250
213
230
249
243
233
217
243
236
232
239
254
251
247
216
248
263
257
255
227
252
251
234
255
257
252
252
237
243
264
244
255
233
233
258
261
271
244
245
273
255
275
246
249
252
253
256
289
254
264
276
278
262
258
285
273
300
275
262
267
277
273
281
304
259
272
253
273
269
259
301
277
268
280
278
265
286
275
298
267
275
291
298
307
271
289
301
301
306
279
291
258
281
256
293
295
281
274
288
281
300
320
282
285
281
269
295
306
338
302
311
281
302
285
319
326
285
299
311
310
305
307
303
285
307
312
292
307
291
319
327
322
314
320
306
302
280
330
293
324
334
328
327
301
304
312
337
299
328
329
322
338
327
354
344
324
341
332
324
358
330
325
296
341
357
324
318
351
341
350
342
360
354
356
350
362
332
325
355
344
336
348
364
349
354
328
334
359
333
354
356
340
362
323
351
366
347
332
343
338
354
368
344
348
335
347
369
367
371
361
375
358
351
367
355
369
363
390
368
388
378
370
345
372
360
365
381
376
364
376
375
368
390
353
350
369
392
361
394
402
366
391
403
388
386
367
376
404
408
368
368
384
344
377
356
395
412
389
388
393
398
384
395
382
410
402
391
401
404
372
414
403
433
421
391
391
430
424
393
419
386
367
392
420
411
417
410
416
412
401
