;random mapping
270
490
114
95
113
103
472
282
253
32
511
128
456
284
483
357
511
491
161
290
146
468
278
497
345
169
191
397
392
174
49
276
53
65
104
81
207
451
332
358
66
340
187
260
180
248
92
31
138
173
408
328
165
269
1
184
141
503
385
268
106
497
142
469
410
427
459
9
418
86
339
347
108
69
262
143
378
126
41
478
257
181
422
377
166
82
314
312
182
15
236
381
417
176
267
116
158
128
20
419
289
1
199
236
32
384
443
269
210
6
200
169
463
321
395
502
83
239
355
10
130
355
37
503
109
426
495
162
180
231
330
390
143
374
17
347
21
351
69
187
134
181
326
473
366
353
152
334
120
253
172
283
178
57
224
478
287
108
270
349
351
217
5
109
65
56
298
316
275
16
161
39
365
129
64
20
105
503
171
101
241
358
216
421
19
164
351
231
279
340
463
245
49
30
364
351
413
152
413
113
495
398
345
47
369
49
485
336
347
433
52
105
171
486
312
51
387
136
119
279
197
401
295
264
205
78
311
438
277
440
131
47
400
422
394
510
394
347
497
214
238
272
50
222
419
261
174
161
498
410
395
196
427
289
411
135
230
209
429
284
48
396
134
248
236
500
222
274
449
100
435
316
477
101
55
403
230
29
428
25
95
350
143
147
89
210
322
431
62
223
423
393
385
212
478
159
267
483
402
312
302
132
9
106
243
463
96
171
143
346
51
279
470
296
6
376
111
65
449
16
168
385
139
327
174
292
87
71
260
176
113
142
506
447
351
407
266
318
349
149
460
437
468
358
377
27
260
186
159
478
78
137
6
398
82
239
107
220
329
99
507
359
215
384
350
237
435
329
268
115
111
20
218
248
434
33
116
301
301
492
169
230
430
330
76
431
387
361
124
304
415
184
298
229
176
204
418
435
148
344
501
254
357
56
260
445
125
435
6
289
180
245
349
359
54
465
379
92
310
495
438
34
465
87
469
468
119
383
31
135
286
235
208
63
159
99
168
367
120
472
383
140
93
8
157
64
462
238
423
476
274
11
511
131
490
419
339
178
311
245
317
176
0
121
181
357
267
69
306
71
373
410
61
465
380
429
344
287
489
191
241
73
335
404
73
501
386
81
268
459
141
220
118
68
374
457
210
370
42
480
286
337
212
340
430
292
500
182
400
129
398
180
398
